2D Truss analysis
3    4     0    1
1     1.0       1
1      1 1 1     0.0    0.0    0.0       0.0       0.0      0.0         0.0  0.0  0.0       0.0  0.0  0.0
2      0 0 1     5.0    5.0    0.0      10.0       0.0      0.0         0.0  0.0  0.0       0.0  0.0  0.0
3      0 1 1     5.0    0.0    0.0       0.0       0.0      0.0         0.0  0.0  0.0       0.0  0.0  50.0
4      0 1 1    10.0    0.0    0.0       0.0       0.0      0.0         0.0  0.0  0.0       0.0  0.0  0.0
1    0    1    2
2    0    2    3
3    0    3    4
